58
71
99
157
124
143
125
272
150
305
252
234
122
437
386
216
374
438
405
476
255
394
618
361
197
506
88
425
508
301
341
892
607
512
240
517
185
537
257
689
1341
159
76
1145
849
446
976
126
1514
797
266
308
843
637
840
1386
238
2475
539
488
1413
136
425
611
205
1834
457
1612
1278
1744
962
639
3087
221
1798
989
2108
2019
524
822
556
2668
1657
270
1792
2144
448
1541
2231
506
2685
2400
1715
1481
2278
286
1840
2593
395
2227
2351
2267
2446
3521
1992
2512
780
572
1783
90
444
2262
2976
2530
398
162
1198
2170
1480
5381
767
438
1091
2488
3172
4697
4020
3475
517
2298
1527
4215
754
2766
2634
4521
1655
3013
3048
1370
3197
1209
729
1943
5106
2929
2241
3144
3159
3203
3494
408
5222
2154
3621
648
2957
1032
3203
2907
1349
113
671
5387
4056
3598
445
2856
4121
2927
2610
428
3095
2676
3316
3303
4195
3336
261
102
1987
1774
5988
4823
1004
498
4346
70
4451
981
4107
3164
1597
80
4413
4430
475
4559
882
3685
4559
1224
8308
1000
2879
1920
2665
574
389
4579
2554
2580
1823
3249
3718
4661
5850
4484
2996
4882
7558
7710
2509
4412
6869
7899
1267
9477
3734
2850
2783
4274
3520
4663
1805
304
5096
8544
9193
7734
180
6984
2446
3891
5192
4541
6363
2149
3249
7587
5808
7370
2694
7190
3077
5627
2690
1508
3099
5757
3975
663
8113
725
2719
5154
59
8121
8601
4338
10348
1089
10406
4282
6723
285
5114
799
761
4561
6940
2028
7098
2207
503
1825
6598
5018
1578
1313
211
2194
8753
2030
11520
1545
3274
1916
12467
6551
6743
770
2318
1592
757
8842
5293
4881
7403
2048
10149
174
65879
7128
6027
4881
14379
6688
1913
2386
7384
48579
10778
5296
9014
9034
3847
624
15360
7561
3475
29851
467
5197
5252
2231
9234
12818
7931
2338
15252
1304
10835
16569
1485
6403
7637
4937
4294
12400
2996
4340
15408
19958
36541
6844
8230
16410
28333
20494
5604
3120
157
4127
17331
5003
860
1701
4092
4362
3832
3675
2142
5542
37259
9316
6999
13034
2870
7614
4982
6164
1576
5031
14267
12692
12022
5679
3052
8446
23390
2996
8492
13350
1908
5419
10826
37919
1866
206
34119
9841
14110
1449
10168
1034
5450
23616
9361
4042
9008
1507
14878
10211
908
8647
7445
19556
284
5847
4821
16668
7448
6278
2804
11346
10836
724
1117
13144
21885
17881
9187
3134
9392
25716
7003
11645
302
11246
15397
8594
743
5419
11736
13432
4626
30779
23973
11897
38386
3134
14836
7477
1729
2620
2091
7542
4463
2396
6312
30037
19061
22548
10624
38770
9884
504
1561
31971
27493
9467
15486
1541
12938
11041
2069
1741
28639
5816
41375
3292
11064
2489
1689
19373
30039
20737
2358
10369
4773
10655
13591
3885
16784
4410
14647
20273
6300
1778
14024
1421
6389
14162
20621
14338
3825
29044
3207
4339
14208
34176
49741
21893
7347
61113
5377
16455
7128
11009
3335
29480
14758
22100
4355
14001
6299
21170
6949
10733
9544
4679
54019
5719
19841
6806
3855
9173
2291
2202
13198
11447
11822
4834
21204
3735
13450
59445
2110
20522
3160
13915
1477
17231
8385
43382
58254
5059
848
48946
7499
13218
73299
2401
1973
29439
3605
2863
41653
20153
10321
17445
22180
3315
21838
4459
35074
62882
89135
22104
93280
29584
28110
22107
1405
2447
7348
27069
4631
2044
4905
22011
14782
48544
10917
27632
17935
1973
20775
72
3165
5178
3022
34871
605
58566
40048
30602
13669
48720
522
11757
9314
18347
9541
3761
22142
11062
3836
3997
3577
9896
12159
4896
9960
14092
10787
5452
14578
2868
3651
6360
24405
18427
12809
24046
99929
37196
11256
2106
19731
28475
10503
28613
4236
14980
46411
35689
13991
38794
33417
6295
1910
6401
286
74843
36320
107026
10973
8346
37553
33930
32562
41565
50855
1219
6578
2665
1689
47585
29861
145811
65812
43229
56608
13623
10627
74266
18749
28662
1350
2233
47540
48376
31087
16502
9000
32695
65843
316
2514
17748
40578
57391
117638
2490
37649
15922
46232
25369
53534
19688
25602
3562
7280
70705
4892
22858
5034
8317
42064
59950
4409
8349
24373
4323
59160
18764
135566
44829
74622
53355
3511
9354
1079
61316
2394
48221
3604
32120
980
8379
18538
64728
45375
19494
3479
2280
2760
17588
85380
13028
255
92833
1248
40462
682
36121
43242
66804
11547
833
31902
10067
11032
2450
2520
2248
8255
3245
127345
20870
61967
39166
25665
54206
56774
1069
3741
39957
41791
37958
31104
44362
4103
8273
7206
16289
20058
19397
73741
4076
18351
99898
31101
6747
69057
8246
54456
4663
37394
81740
16913
23226
29459
11708
72429
554
18494
41397
26738
16217
31289
40295
45168
15826
84277
93481
11160
5664
35665
4284
23682
18182
108704
6000
6314
96513
89056
62666
55590
7577
15078
4306
14170
2739
94133
63493
49676
23223
114750
14057
17423
50850
22759
441
2787
15040
31496
1899
42867
8468
17232
36968
4063
2645
47940
31180
103619
28609
43062
13968
5899
37375
86840
4333
52958
2443
8342
8623
14146
26479
7351
28926
22667
4316
8291
5370
2123
8849
757
41739
62244
14823
4782
52120
22910
6355
151182
1488
73071
32316
33953
59444
7053
47284
175188
78982
1781
20771
46454
83973
11209
39296
8549
23935
8406
1569
26311
48475
32445
6664
22206
61754
74844
45629
5620
1174
65740
13595
6533
1097
5331
19039
36994
36465
7923
13335
86150
39454
46055
21343
120360
3417
167964
61611
36489
40231
8849
91920
89406
7746
973
9676
49785
11135
14061
19385
287
100091
1571
102126
64730
5114
26092
17864
81097
53340
56655
3551
1196
77845
11044
44091
25301
61541
158526
9651
4585
25370
5419
13127
12723
24994
51806
22263
6318
7562
2031
92906
2372
106635
3520
53974
21268
86916
57852
4777
29774
59791
46232
2646
23944
16074
65558
75512
13105
35107
22706
59484
22196
27733
57638
55088
12798
48226
136486
106043
14600
134021
