60
61
113
145
121
206
105
260
276
103
288
362
230
104
355
403
477
134
459
628
464
195
413
74
214
80
286
818
383
531
403
152
696
265
362
413
1107
707
856
1024
453
131
920
519
224
1072
233
822
220
1006
830
696
983
325
986
1469
953
1042
537
405
784
708
674
1272
318
575
1250
688
1314
435
1000
1144
1277
525
95
842
1777
1353
1395
2030
2081
1993
117
1628
1464
233
1239
1079
365
1719
1465
809
1002
2350
1583
231
1511
1891
1404
1237
1397
535
2170
2206
1083
1550
443
847
1516
2605
1143
289
2637
2148
905
698
2797
2685
2266
1947
2576
90
1157
954
1694
1925
457
1043
425
1793
527
1770
2259
1972
2473
3192
3269
3476
598
75
2568
1775
2890
1002
3524
1948
3502
1375
6299
3718
5022
2479
3377
3411
4110
3728
3886
769
425
2865
1367
4018
4165
2639
1242
4134
441
4099
2877
2102
3044
453
693
420
1690
2063
2281
2084
3077
1020
2401
112
1404
3062
3643
1541
3697
1763
1338
2868
3645
3181
912
1539
1458
1373
1112
1347
1773
1656
4740
4630
1738
4785
2472
4059
930
2034
3353
3724
590
71
4552
801
3154
1576
3763
716
1292
4491
1406
5100
929
1384
745
995
2182
2487
526
5192
4421
1834
2882
1637
5421
1222
5608
201
531
4950
2237
2959
2936
748
3692
581
4463
5515
4853
2631
3972
2650
429
2198
5514
4795
5745
4735
3434
2210
5656
5381
5207
4371
2319
7234
7178
2945
3276
5748
3994
4362
73
2424
3707
2619
2814
1884
4871
3785
3862
2053
3507
5546
4680
2039
2729
6153
4294
6701
2809
6770
6421
5740
5585
5432
5837
1691
4953
4371
502
1175
2948
1523
3152
226
5355
3544
1216
2587
5590
1508
1469
6794
7130
6188
6526
5134
2824
1242
3429
2901
6959
3213
4816
5866
3797
743
4974
6698
739
966
4575
1672
1816
4734
6806
1500
6015
5142
4889
5042
7007
3081
1943
5232
5606
1025
726
1459
202
3649
2613
815
804
6016
4563
664
7199
6706
7707
6633
7656
8311
6825
8368
4899
2022
7817
4998
1963
6446
1029
1809
5946
5269
1821
4084
450
1343
4433
3493
7414
7547
1746
8918
7738
4877
3514
5486
2500
2816
3334
4547
6732
4500
4805
5566
1707
4453
2920
2112
2149
7993
5176
5411
8957
7217
6898
5776
8361
9466
8951
4773
791
2162
8575
9583
3293
3265
9190
7395
5044
2079
3425
466
4437
10903
6105
9565
6269
11076
8194
717
7689
9508
2224
4339
5975
4722
9874
9763
6451
7406
8329
8180
6267
684
7810
2450
4338
3679
4244
1203
4835
7969
7976
3938
3079
8253
1217
10141
9459
10157
6253
6429
2573
132
7815
9202
2105
10749
1306
4976
9415
7133
5326
5681
6874
3312
11096
2859
10642
6769
3026
2963
8050
5848
1293
8611
9018
2107
8798
194
4235
6713
9971
5684
7203
5909
101
1091
5096
7159
3630
4110
8917
7874
2341
7565
9888
764
7366
2875
10367
100
8597
2307
10399
1120
8166
6281
10909
7778
1752
9305
8323
7465
4433
7245
1212
4522
1773
7866
5621
10092
9701
8719
11109
3594
7611
12290
1225
1244
7480
1364
5018
1095
8765
12421
5337
10722
5595
6621
8038
10534
4943
9321
3682
7566
2656
156
9746
5493
9552
6376
7626
2338
6924
12424
93
9264
7155
294
11733
9544
12237
10944
2803
194
1203
5179
3058
8747
6841
7655
11198
4145
9916
920
11519
11249
10402
10491
91
2497
8917
3420
4073
5767
69
14167
11293
11706
9976
8295
3454
11839
2481
12695
947
4263
2697
2842
9645
5804
10266
12282
1348
7702
3310
13808
2808
611
6202
2599
13664
4234
9886
6307
3966
11592
13863
585
1832
10997
9813
8803
2993
12913
5077
4636
9539
11723
1171
6354
11306
13601
8621
2349
11413
11625
8567
6057
13448
8848
8026
3106
3299
2935
6253
15217
15247
8233
6803
10581
11676
4110
15761
2110
8349
10321
13802
12383
15349
4998
3889
8306
4383
6068
10505
12504
14294
11506
6701
3877
4525
10842
8039
4367
16007
13328
797
7653
15267
9420
2410
1437
8230
10437
13829
10808
11592
9007
16243
13787
7914
7906
3870
15678
16134
2142
8274
3625
2010
9635
6584
15006
10138
15806
9807
14603
12441
3797
6166
15509
395
14452
53
13425
9188
10777
1775
615
8925
14245
9397
1187
15461
15796
5273
9620
8063
11584
11682
487
1037
8823
2707
14588
14997
3582
12173
1673
1212
11309
1533
15436
3712
8673
11849
14912
2463
5652
4443
1060
11126
982
10500
10953
4829
2664
19766
11560
5907
6496
11050
13750
12338
9496
13415
13247
1981
11099
14215
9079
8753
8209
2634
6286
14016
10290
546
17663
17251
5418
3351
6354
18333
14975
7601
9483
16306
1379
3414
10214
9431
4391
12067
4194
3729
16930
1667
11272
3147
15244
16532
7570
6118
15299
16988
12627
14546
5898
16891
9514
16098
1841
5816
8978
10752
4147
14054
4385
9308
11796
12767
8333
17137
2106
12658
18726
2290
5956
2781
4419
5591
10616
11264
9936
12706
17530
12226
3877
9432
5208
18588
16231
2798
9973
14871
3812
16686
7584
9422
16386
16825
4864
17335
13834
289
10936
15994
12666
3308
11942
6007
15911
16368
14378
4752
16222
10965
13970
7138
17746
2524
10994
12031
1875
7976
13552
12744
15803
7387
17185
15558
1872
18184
8117
2011
17303
19239
5920
24959
9074
21442
17131
5558
1176
13671
8433
12362
16792
8138
8631
18218
18720
177
4960
17631
2297
3393
18801
16357
526
25494
10619
6955
9835
23371
5652
11098
3808
22068
8093
17456
4604
14681
883
18300
20795
6938
4017
12060
11219
17636
20885
10080
20534
13650
9296
4803
4508
8753
11751
646
20134
20428
14777
1351
9083
12431
19257
10343
6589
5779
20818
11694
12657
143
10293
7089
22871
12641
18790
4095
11662
12005
22683
24501
18848
6375
6955
24142
15781
23210
18432
16678
6800
5626
24548
22379
9299
24015
12983
12261
6667
13893
26715
