258
2591
2420
4946
2585
5443
7010
5893
13048
3188
19780
2937
11452
29491
16264
20172
19801
14165
618
23427
24981
10829
29365
13884
16442
24017
28254
30467
30744
9869
40422
45592
49024
54191
36113
15472
49487
65130
34966
18755
51349
53976
52969
42364
3248
70362
42542
58524
62113
34814
55842
77084
46176
45280
25956
58729
76690
45134
22046
34964
78177
85757
3325
47094
29020
22806
38443
69799
43231
30868
33990
70498
8305
100096
43843
19390
51875
68963
45831
66779
77837
49979
64680
71227
54811
81748
50701
71315
90373
55348
84445
125993
46866
99249
53367
28098
53255
59202
106781
57972
42331
71132
58428
87545
65643
105708
67642
60634
70004
54322
75689
95633
54695
8991
68572
113875
75305
42231
123178
18577
35719
127235
38312
45448
58678
77927
37967
92151
99084
6856
109446
117013
10681
50667
74961
121138
90652
19538
108241
42509
104064
119428
132998
69271
29321
40200
44205
85525
129040
48039
161257
124942
161131
54931
120285
11698
152025
82969
115977
92118
21712
113181
14846
158033
62036
71735
98884
57793
88115
110230
177695
130340
164265
31264
155865
118792
206296
98415
178358
102795
130550
35907
124869
158035
74800
95232
83682
135136
209844
60648
62478
123976
121014
55631
62250
41251
181575
60844
180650
121629
137984
93225
99536
176732
175473
7443
9286
181938
40499
16255
49022
88560
129764
11045
158637
161651
132448
119984
170486
42899
194516
209962
97403
168894
104742
94866
87174
145579
121212
60938
144333
166773
212206
128658
197501
96170
171098
161231
148150
25905
126397
123542
223309
152998
143948
192907
257112
140215
274948
106869
98775
138845
143715
264804
230934
13782
215081
175417
89703
139193
139263
131267
165519
228957
205904
159990
74386
145270
155130
9009
106334
55446
124208
139737
100251
230234
151164
7541
134328
34411
52527
149548
107562
286449
113057
257809
228331
239512
199825
293844
193611
179197
83231
180438
34820
263387
234270
125308
213530
109757
266622
101274
226081
216612
160364
147322
78864
203715
103794
265845
189870
234439
188805
253192
21799
78886
87530
165380
161351
166491
250755
135888
9625
152985
13742
225676
258815
80724
147518
31139
296827
254550
181417
242526
51778
220794
243519
122709
256489
210223
215821
177107
200284
258092
326859
221180
151520
290013
128006
315441
135878
127441
241697
186172
261919
80385
182084
98005
253365
302078
171966
246953
24081
199684
74691
265596
283769
345980
77029
168502
194294
211751
175739
250756
20316
105893
249202
200590
181535
264348
130098
186564
141973
355313
306651
231291
129825
164546
210919
45246
78339
255250
167917
104485
262329
238742
209549
220807
200861
246588
262298
226529
324472
166579
214454
255616
238330
468064
168599
316317
238150
20851
9448
230463
272398
200810
350606
210079
277143
391402
371339
100248
199629
184380
156880
297691
379209
351467
274809
247408
123973
228530
310683
332240
352094
160794
119385
177337
444209
387734
228991
78804
283090
2030
300993
296981
311828
380381
220341
287825
302718
245239
341488
101356
109779
210157
415407
96031
254640
353385
401971
155222
19204
6381
348154
419114
125569
266433
339754
349051
396126
42740
311167
201947
294892
178930
377052
236829
208184
297599
307933
310971
161034
298484
161345
356074
99521
89957
269172
282165
313737
260563
396929
268419
339463
296947
150427
295436
335905
347984
223130
287843
197944
103466
412686
310480
431572
215819
85817
145208
143051
481024
431092
242458
215646
15853
339701
411396
380060
422936
323120
187724
121229
342654
361463
108155
428787
335706
459891
202507
140594
448693
125326
158988
146983
485308
161596
595200
215935
292254
153710
348937
130791
376132
425049
478721
470606
527493
461770
288548
371437
170720
307713
293852
421221
242890
394391
100966
164297
430231
330483
186985
368008
241649
404926
390229
397662
263508
139430
373932
197905
333616
140457
89175
429096
337738
269919
266793
134982
214888
192213
448928
53688
555288
375271
216991
308440
491758
239554
501866
342893
290235
414764
329625
197383
175145
379465
260377
547339
533581
386220
407848
230521
252154
252963
574171
404217
362891
407865
382302
296477
538172
157354
330779
201081
460606
321211
496754
212325
132252
193615
338861
270013
97641
307446
294628
420288
460266
321392
503689
530407
394214
491648
393036
298241
356669
484431
87385
149033
231764
352731
214286
221056
401246
390860
92543
136351
337602
480484
402293
383100
76255
411623
450768
334801
494100
588002
357317
326220
170266
369637
20644
276205
350608
346964
533249
486339
356039
461231
460795
282419
129053
526975
293729
428814
534887
219123
305408
232064
386486
201265
558571
496408
553253
328296
474548
96461
252748
64681
484376
495569
386024
527005
77625
407996
585889
408730
294866
440707
82256
300107
474470
126338
496462
128345
345422
481391
582883
250724
518568
361962
543478
478598
272160
480891
699219
542668
596263
546285
378622
241789
411459
473096
366859
226634
258541
499813
643501
511795
28213
321329
606075
614159
159969
572779
433901
270330
367724
704503
513531
257000
352701
347545
556214
566409
215096
517479
647227
606264
516220
381603
90567
158962
607186
574724
347627
135418
302009
476952
760796
302404
96678
516367
248550
128619
527724
507923
565938
536350
489022
52381
320144
336085
328808
537877
774288
523791
275637
542035
667180
248000
391909
596023
527686
799765
475258
589313
566075
490072
530661
220350
421445
603612
349079
351983
354628
417309
421432
552294
545381
745770
450751
465085
496572
522790
679884
616676
4338
577624
373581
606607
388428
519155
496245
476863
550572
673669
484909
408782
508292
241661
621577
637789
121139
697163
765737
584687
783329
541258
787792
449871
469522
641413
351684
721959
760532
735948
753208
492744
512778
727193
223679
63659
186861
455551
466350
602402
563483
318740
764491
732597
661727
591110
746605
148863
388360
406632
370370
594089
441140
398427
491267
728728
598958
323592
527077
293136
181990
515120
215864
429224
426688
521687
749133
262580
514030
516454
710065
780072
551218
534137
346434
595230
714859
490323
273265
599137
752957
467854
513772
746104
551885
305146
666866
61054
620126
546233
566767
904121
602081
388083
635257
267364
339129
603447
467334
601475
741726
602241
646534
408068
646348
840624
25627
812232
678463
591552
751231
624928
504652
729299
600652
189520
297577
798265
364109
225716
508872
874747
698068
507123
539088
452075
747087
149205
413540
791034
604258
801646
895665
897597
205285
525332
566346
28033
464132
182008
225286
841623
4499
924963
734838
759281
1326359
275786
1083330
389869
568417
221605
657229
1124464
643813
1038087
820947
382639
929752
500913
802323
790870
707877
683882
594154
867084
594101
424805
294785
529808
319324
756108
491055
644681
721152
662110
355237
661814
718318
839557
142994
547431
639994
737204
673635
820520
592809
692613
866855
359772
822065
617058
905941
