336
2149
3887
1577
990
13444
11176
16896
4661
15566
24647
13907
13728
24065
6726
30590
8646
38639
48489
26211
4844
18521
7621
51387
15908
7459
29310
34127
34979
75717
2448
29461
5047
76735
47863
38002
42881
46209
31337
87691
55606
20789
38353
36690
10503
42770
110270
63724
110457
59430
34307
113767
129090
40605
97634
119783
55258
85102
58308
23470
10661
34337
47259
116121
22385
105116
153639
172315
64580
164129
122769
56229
133818
10580
110911
169444
59498
155177
18531
25188
141053
179092
219740
108268
126201
58386
142748
75434
119540
159426
161170
108240
227339
62823
150434
86752
158789
244265
20747
30827
190497
130153
9431
124459
74498
182902
27587
268737
103249
138906
16448
272204
247910
160763
104706
260947
124928
277576
271091
24661
236837
265764
289407
61182
306295
312942
110806
304872
48598
241486
245241
252326
302313
61290
325508
94974
11251
16807
97094
67978
186624
198473
217574
110418
172665
324657
302411
22492
214142
383095
118646
85460
7695
153774
8552
274189
196392
129648
218949
385772
357378
101879
5195
310990
38783
190920
360706
317854
408794
52090
335242
315661
114474
301946
408350
350698
418957
42261
353387
186992
8957
82900
145523
411821
223642
425040
20487
308850
124036
353979
461951
258918
346927
324747
237936
2596
322455
100131
301911
96740
123645
77700
410094
362217
544706
327786
419852
402117
300322
98818
447082
445754
31872
97928
248445
228247
299828
408085
185228
357972
290881
123930
538350
185741
63253
458116
47990
423921
158355
197889
502931
249636
112108
501975
410388
502518
29646
496769
566965
89188
115427
285724
416831
497367
618072
538295
339306
301327
622602
703722
520130
826404
461762
43159
572048
685160
503927
392117
98121
294459
262391
368429
54102
435416
141255
9397
188296
626919
390885
68743
588357
141487
192349
140526
340504
392697
347279
484494
433511
418637
142402
301274
291460
441640
463301
511526
651269
423845
72502
285041
621781
466718
122022
639896
78316
250681
244777
653314
719785
432803
811580
353059
639156
3916
383748
640430
10509
337916
584581
99577
702898
29813
201977
36045
33729
556484
396253
528696
484174
183426
874584
629364
183511
261361
158629
382514
387837
91915
407195
560457
549801
774038
7558
813165
147351
245559
600668
683559
8882
634941
100133
619421
396328
50699
215834
384774
810885
565464
538192
350185
592659
572240
192895
479943
458762
608071
792636
414478
788016
702006
578404
186969
417517
790099
531978
174706
303486
784033
694376
431142
763891
655342
855331
391281
85519
560030
128164
120439
1015141
211021
394991
948082
76040
392702
29164
335586
862737
701832
23642
834486
246671
983873
955906
572306
625361
706333
582806
700482
712829
592317
134901
981892
855601
403185
411222
447941
138925
1053570
493481
669472
871285
423017
410151
791220
923117
516911
769216
165585
489930
1019979
857670
168223
226997
90041
1100449
446141
467619
96585
59665
366732
1031430
365032
918644
139218
888146
277498
130561
18713
976396
223548
723834
838275
48000
525914
170838
961632
482962
344363
910070
548336
515012
232542
193034
519
175711
212891
921998
580215
487196
960009
70792
867826
506019
261270
766939
564086
9983
238248
210824
216864
1085700
91543
641215
344093
694749
368136
866314
1033808
637173
885265
128878
455160
688948
566431
463940
585626
653355
678444
741867
1197120
350901
895076
1188075
682563
1369564
860421
181670
201946
569523
521223
1199407
799119
1380849
213255
798453
101158
684569
374209
1149100
540379
392436
302174
491971
42024
960468
708040
262000
944481
331774
822013
529801
1261014
152032
1100915
130944
357916
1124858
911168
444429
898796
383192
1032640
39624
995378
1166118
520932
1132179
992505
452192
228635
304292
418431
600700
882450
335301
345984
1114093
1154077
822542
914552
1119168
75599
806760
107909
127493
646301
902224
589633
1235249
753350
1123658
1035538
424976
938629
1614529
1232947
624055
969146
1199148
125273
409059
209861
606309
520220
1349782
1124477
789614
938287
1124586
384593
118587
959699
779167
509273
790651
1050758
709173
1337858
558526
67315
1477235
876126
971051
1641842
357024
246553
1287393
1220700
1593094
1035692
1458394
920088
1371700
760250
276317
1087188
189518
339497
318713
679655
1598551
1135028
978736
612713
292169
270703
382224
685076
904200
1555713
299826
1322027
1413630
41551
212
262721
1351294
284614
682227
822614
572913
1345790
173071
410133
585237
963658
1034929
154099
1150941
1096502
493014
1693726
1385760
194332
707808
117682
718737
589819
282162
409113
469779
386080
1480823
890201
718605
1141877
480424
348815
1226441
418250
545764
298614
287032
1505717
939481
875147
472062
676951
501560
1552549
1533995
1017995
878762
831251
194433
685996
522219
907299
1595578
564166
517399
265797
1473690
168484
899013
602321
409558
307466
427862
908106
1289913
1227825
536706
532711
151563
1637555
538269
1210845
1162468
1494340
1288501
821569
557265
781436
440967
826524
1368149
514326
1282053
290378
341843
105434
690679
43081
848252
358511
1416350
619862
1600444
1522327
532368
923516
262350
1456810
1013142
950111
259903
1326815
1453868
37285
143711
1621778
1595111
804323
1614899
1666705
1413740
1475949
1178428
1249636
1405580
243285
1441772
229934
885601
596185
1076861
1933
1174872
1239248
257227
236346
469386
1180137
1253064
264905
63446
162220
161910
1242045
1099168
633391
1716523
557960
1266078
714684
1408384
946775
254296
2211
1674693
879276
1558754
1489002
200493
884686
1758501
770127
1501912
1612048
480909
375029
1326322
815990
197527
1486534
703693
628194
129009
117694
101355
1813960
1579083
754245
1312365
1419600
1028335
1114180
1112130
857477
618370
705791
330310
396662
1490198
1684832
1469569
1794276
760486
685488
1834041
1705684
608104
331218
2201666
49185
1454806
1603269
578094
1763275
440553
440593
1534065
464396
1714076
1761847
1209673
767807
1296213
94117
2866
1769586
1630061
332515
1736635
353778
1894243
1120301
1768901
1214756
2017290
1732045
105566
1553980
365381
1974951
1169883
160102
2001679
1175294
1305602
1502984
431601
425889
139605
349673
1812329
1212380
1820425
718446
440630
1930054
718189
1195879
1507960
1576430
1131936
1020481
941249
265377
1562560
1842750
1518400
1220401
1593109
1452889
367532
71831
2121102
800894
1498795
1138389
1923068
1806611
1664417
347685
562890
409568
299318
1325977
924449
1536718
1262712
1832446
1236448
121403
1959680
1348923
886341
1273204
416234
828752
47630
951413
1105294
1462959
692209
528898
517495
75170
2362749
232938
1253248
1285473
2058825
1785623
305404
1932992
1087130
1671626
1840826
1677341
1123141
2115914
1645234
56155
262721
1269130
2490638
660193
2182749
220978
480094
1669301
1540458
2635634
2302287
170160
1896066
474861
398450
1085740
1620826
1552634
2125702
1852814
1134741
317243
259977
1718668
2402296
2260857
86384
1645951
380374
949134
709134
1490269
410999
1499156
2604492
414883
112711
695090
1895513
864803
666000
1562007
983965
384514
996407
370140
427533
2129354
1229512
272007
909629
1500099
801462
864307
831409
653306
1306987
1765213
1089181
962735
204974
2050845
1677493
344992
2091877
1793703
856006
2162264
695686
1324975
1199502
646241
1639894
2111353
