58
430
2134
9139
6298
11493
4620
2558
9633
21521
12127
6298
16390
16443
3685
9458
12220
19641
50548
31320
15603
33971
37672
31475
53187
29291
23768
31288
27896
26628
23536
35244
22028
14490
62501
29604
61740
33953
44605
43030
58327
4870
43754
60464
34726
49393
8702
42070
55977
28430
81975
44385
4636
44611
55000
50347
23630
35976
49707
36995
27740
73323
45923
62846
81818
76769
27490
69407
7660
41884
67155
62720
63576
32463
95797
102424
64897
77794
92132
98575
60700
60265
102682
123236
11980
50619
86071
90536
35975
51100
111550
18084
80687
87202
51191
66366
9881
67221
140915
133230
67189
72719
157363
39121
34465
129712
91412
66264
58958
96888
134590
7585
51576
44416
62069
141358
84244
79966
13380
97469
128198
51479
73295
65602
92659
52245
109441
134197
112610
24239
28025
108164
42373
83176
142478
73256
62408
47596
81140
118217
53473
100239
105969
135101
62468
117120
62267
121274
73943
69789
14711
190655
117705
52069
26730
65739
126532
59827
128219
155071
156997
94497
101692
102550
110711
120783
28483
67184
156735
151406
181386
138290
70748
110316
163779
36853
60583
111584
55734
93280
124106
180946
123244
45768
135061
147136
103385
165657
142826
36979
98072
132538
55160
73583
172875
110071
145706
133520
175863
138766
76993
92448
43988
143190
135508
35807
186493
187982
107664
181890
120004
278057
184910
163588
4768
56036
88871
60957
98680
195173
84353
163971
118430
16992
83080
155715
87729
100421
195882
155974
63668
161949
142457
59810
62759
131859
34213
194490
168029
136796
136182
216222
112828
40997
263043
178267
43841
218418
256410
170094
143786
78675
119650
110443
121778
162869
70856
135594
273728
73688
164942
132014
123066
207314
183795
107371
220949
213945
234523
137252
128419
168972
153023
84462
73034
253486
242120
55761
262992
249617
259155
238249
129459
265497
303247
170686
40821
148713
16424
255389
225731
241290
200611
88165
229821
174999
63891
55688
16365
247403
157961
329228
155563
133520
77758
339498
181791
43919
236764
203671
230708
270372
238311
149544
131963
164056
238748
10103
248448
283105
216590
162843
159767
175059
246851
161791
225647
74005
259092
258636
255114
288656
131018
173014
284362
288049
232344
223832
198354
281132
137991
267253
138414
298665
107444
245545
269688
74179
275582
28485
156921
208963
202915
183619
373154
114767
6212
196386
241085
228846
294598
192749
128972
256371
176784
98962
256375
184928
284714
329048
152225
274259
129577
304368
141247
218622
233444
178353
276995
287684
128502
98207
296245
161482
63523
218807
273391
284892
363543
348829
233961
264482
378236
238954
206707
142429
213437
2364
337082
276724
206784
136101
503929
284543
315134
193801
278301
213518
210610
63583
315638
25045
221752
193836
293335
215377
307495
320584
124947
277233
356151
197652
195263
300045
368034
303746
297121
347746
298784
160779
74587
345775
478345
403083
282040
318602
117173
85968
395716
344171
250853
97462
217611
434442
100124
202804
159980
255007
240109
384849
203164
258096
164901
366428
363960
228668
272486
276032
310949
130499
275830
71892
361719
301464
412689
317076
259436
208458
193500
190273
188270
260114
87826
242446
197334
197899
282592
118136
324675
166079
190113
216809
217266
189527
323571
307536
185667
282611
208165
98359
365438
44425
496336
281781
322340
222822
94586
435287
51253
354793
346374
242730
379705
222527
142945
307602
242077
313398
363351
166341
189144
158638
344579
233957
252891
352265
330681
415626
218235
211008
242880
413426
57634
194632
104220
271739
434036
326998
200703
309605
47442
234156
9942
4880
488017
362758
322562
272111
64930
599011
319096
233030
329038
227033
364421
48107
231953
389075
339126
91527
298496
360840
88876
234640
368259
358854
73200
159130
181961
317578
280723
372220
387498
282128
387772
355796
150386
172207
247758
366608
247258
232497
321814
301544
146565
254986
540919
400272
223731
305278
286914
379941
563177
616168
508744
257706
361284
194806
374700
526891
417506
240681
169079
619752
447619
491095
661821
403841
378479
423451
380343
200103
282170
558734
346014
538314
353606
292495
360410
604776
124853
106017
110257
419298
489435
555583
356825
170025
354833
312240
493984
352598
205437
318646
427916
227521
378278
381087
262094
472530
368990
427207
194027
378120
85853
206961
477638
524746
491605
315740
367915
445780
74346
538226
317436
374019
374091
298881
166388
139971
335420
372660
323065
446629
523368
373159
297743
223623
457868
654337
438602
68961
468128
494014
62313
460714
495111
370272
245336
335447
403615
286253
280249
231901
660794
342577
392578
511991
523422
536412
574952
586261
524994
526658
632675
405848
565293
216293
375546
271836
343465
643878
407940
415107
541554
558337
339376
364478
446636
357088
220839
333948
496180
361335
181595
444421
386547
627643
448718
606538
500108
350701
497177
377139
561505
359021
143384
547582
369991
75559
184131
527914
375080
621110
226554
382825
291787
543588
349403
38672
5277
309369
104382
268541
662218
381795
66907
388495
509731
87944
430932
494986
353388
278993
483735
405706
684008
466265
320517
513183
245820
570220
631285
536865
711243
586537
566180
131363
352976
87126
727792
486136
465739
267146
416475
238714
382016
396096
461586
397570
333009
248621
667168
264959
222914
400821
522699
828257
693995
459290
78895
477072
647165
581758
610013
666720
227022
378942
404674
401784
648459
350205
501293
445273
758600
490696
375700
577892
323675
408815
616120
593095
526392
356147
447755
494443
523288
366149
527055
501040
551707
371630
679289
226240
343128
451620
172877
519401
551321
781672
415746
326583
746470
634446
652785
675746
581160
577713
400074
352527
206180
242991
696649
487128
107251
900863
599738
574502
642215
719308
587222
78168
403856
630534
321114
743288
680293
500829
608669
643303
237241
524507
431937
491558
556508
706717
652068
277475
536758
664829
611736
596241
540367
782232
587263
178417
756012
559710
457831
13058
594884
362260
747955
848371
417267
648148
817485
36366
505149
707407
311061
377156
482197
694574
538404
626664
660473
922801
693509
517443
714477
564009
564688
902071
124975
146781
420243
649484
660836
533471
106455
669551
597334
919913
425454
604526
702000
422492
152655
483610
250796
602506
669588
314888
510894
424228
572069
391013
85136
628841
240155
675440
799861
384817
889584
325087
448390
885479
781417
473622
539863
548734
882903
446678
166820
739522
701559
858455
611845
820323
956876
349589
297061
633797
614160
567672
611779
753238
706281
446041
454080
670539
371135
707511
698341
922324
1065462
547
287382
370729
548593
308535
666108
966321
356751
885481
690399
30167
866947
418396
742961
814275
878934
478269
1049498
624683
928860
785546
731397
787507
628963
663074
717111
688281
1128171
778193
540896
917775
817709
861325
857661
1058373
579567
588909
679611
927183
709629
329703
192798
848132
