62
2776
942
6137
4394
14111
10539
13208
23393
21850
5037
11255
28770
13392
19085
12631
28125
13702
104
27927
10207
36341
14061
59945
53522
8413
10573
19601
16223
40430
63849
22677
71009
88947
86157
68032
63606
87652
87211
65958
33828
13935
103684
44975
95500
25633
13817
55401
126572
120916
38772
56008
100408
56314
83261
56412
32108
43238
139154
77688
113447
159370
77091
20150
155066
136865
146049
154505
162824
115517
9574
191649
79361
85477
118501
125425
132061
121814
103276
111551
175569
103903
35881
40731
94547
17218
153126
223735
57960
130032
11287
192211
204921
149151
213832
211140
185740
221510
167752
226657
154559
75350
192763
32575
88849
128672
107746
56941
173399
144103
88296
136531
158646
221028
163574
39001
99475
230825
171263
86244
98982
218932
72938
128943
122522
147732
223968
274381
287850
252076
220728
165629
112055
23922
48896
232214
256297
318659
190576
160614
26604
253317
266493
74102
248024
172016
152563
320827
316750
233018
292908
123331
345328
219442
134638
368529
237955
262716
320105
293827
182818
292643
346981
290003
272912
189699
258113
306022
340977
16127
30444
391993
44322
52797
280693
277034
52270
249154
191852
368516
258605
458039
254517
267967
188052
297464
129176
234813
109718
437883
101159
7081
389083
60831
414669
123136
451052
357671
371735
321001
441731
244074
124129
359747
18205
202393
161324
149105
121408
373970
423534
471637
106388
143348
245520
116236
62418
147285
270447
186839
227516
257213
294567
484266
9621
493815
257424
209077
135162
349271
133748
507221
366092
282350
249656
281183
54795
495539
52895
166570
492466
478777
74971
58617
154724
110665
421391
231514
407804
231344
305141
146259
434485
432662
329679
181287
156838
113289
401405
425077
235624
7363
315391
289306
602110
253818
206549
105027
454802
277062
93615
67837
169893
479386
494670
546476
312908
569914
307026
740307
742262
331014
446850
384410
375786
635750
742189
665080
195608
279830
532831
35125
264284
437702
354482
403896
329441
742745
575046
259149
610463
799371
775670
509611
727767
222159
302739
46955
19854
367300
119805
185327
24458
397071
560960
186418
533233
450963
9426
114801
519119
727923
401507
197348
571473
484773
329691
581505
655909
688757
623588
55073
309456
119067
308196
680660
438764
376878
646887
611443
417968
453810
427252
702797
796462
342956
723676
132626
340566
550593
717717
96638
417404
140371
188122
577128
661916
323109
56489
482551
679319
415862
549410
99435
380261
98658
457544
234944
791648
789258
347194
241067
688152
753094
611407
214666
180393
605703
40150
452040
711941
214263
204304
459480
387870
828879
225120
276339
271991
645942
799412
705278
658178
557798
497554
465287
670234
263532
233379
4418
263415
147151
903043
848175
426505
260618
169389
331062
433669
840921
479254
66121
547990
234721
881292
673290
266022
633419
215571
78242
564034
276513
842977
539700
803028
471752
157755
252104
652123
929691
406602
427680
783413
609059
181400
81158
699431
751788
689217
590992
770816
797947
972251
327219
222626
614633
951075
516822
246124
351750
423401
432734
301819
1047624
81279
238012
931892
951989
662578
321471
977970
386084
809228
581826
284846
38518
667057
758433
273736
383918
454459
916606
801738
46143
702882
747097
182746
713545
501812
1102365
65735
39694
510913
938977
1085031
880523
797043
117360
261514
1049321
37009
678740
916424
615270
503658
741263
497909
463372
320962
420063
422968
158822
348118
907034
758543
771562
778933
1036010
244319
890576
1127505
794740
62154
744269
426862
295411
38368
1172391
466349
376546
490971
170617
81798
1096127
405483
882668
423657
1188319
71429
1102206
659440
1011289
235645
217464
37134
148715
665302
1029720
580799
878921
1361501
1321197
781001
580410
110421
261221
108822
1021239
1445304
832146
801369
596231
354566
200167
432542
148593
903345
967553
157066
428962
1129878
629490
1090354
1155452
397947
251264
593749
623247
239266
598585
38517
70899
18606
581564
413971
63499
260887
691665
509433
1114853
1276335
829647
203207
983417
486725
984411
681133
546957
1053809
1192336
106390
925243
286916
679100
1303586
1140964
976674
1300607
870339
1058907
1345537
1308612
1341012
622060
1302144
814267
158064
861100
761838
477382
1115124
681622
412004
357501
907114
583579
1238007
466971
1392495
289911
530281
1307242
1432424
1173382
761063
239001
1198610
1133087
144824
242142
628019
474284
544622
1382719
426903
1333708
773167
654268
852050
899612
651360
516193
1336346
568743
798181
535868
1324057
347254
1058177
1264542
771141
1032617
569746
528954
1467341
872012
23814
833637
117534
159065
1070410
573748
765651
22488
555170
458406
1530982
1236842
255042
1098931
323662
43639
1351896
150501
439886
463094
1252708
768466
759327
563075
1110089
1038691
775166
1189705
1178853
155624
16686
472715
535046
441899
790926
209569
1088658
1554398
1385000
737846
407226
1350971
880023
897773
1306978
1435580
916216
1464012
262644
882424
1059199
279176
1185458
563749
1080263
1017678
313721
713073
770121
588862
197139
12200
590258
763905
123576
1535343
161180
1475423
564606
1349836
448725
1562860
1628946
143297
1480224
1549640
916382
397192
1283108
1625647
660827
586471
1054415
195112
449494
1671214
907277
738668
1480632
1054467
1030470
472063
1036359
723682
1469483
2635
1109965
1746733
908743
659113
325384
1195803
1339763
479503
994054
400936
1300491
836904
1361655
1527817
743905
1579155
637436
511099
762245
1507087
109769
1102637
1367585
564582
1624314
549934
623806
445897
511691
266233
1374951
1381289
966167
1468615
435805
1637391
1315372
495654
751789
1379954
137903
1092681
4302
527578
1032609
1037310
181005
1492452
1450855
1405166
1698921
494243
90718
42949
1416784
947804
1009410
3823
910922
1329970
912054
637678
1370690
1503002
1438840
609757
1028711
1303473
292925
1117317
39928
1567782
945748
245432
1895880
1247585
1115534
1315224
379282
198980
875301
358905
275305
1939712
988362
1674288
567082
1602672
1376898
990848
983513
656380
301289
1354837
1037487
200719
1945349
658274
275490
959979
93160
228336
909233
990615
1960466
1575031
559233
2004347
1499122
1583230
1362184
293108
1272250
1142518
1130893
1440801
1903915
1221316
638128
1107338
679509
707735
1708515
59889
418116
591276
254201
103988
580449
690944
1115232
1363177
1599117
668708
1385032
850273
846924
1222163
1794877
835367
1784726
1622273
11846
1811785
1592557
1557261
1266469
1955047
1363008
403668
1894920
2034658
2085213
1394487
755791
2033331
520227
587660
793916
890804
1142366
791112
1531038
1354338
895232
1530535
1642731
134272
1542407
1645853
414901
151417
1642608
786475
1235892
726845
1050294
536869
546782
107963
1557982
1804922
680302
226063
675769
1628738
2019584
1349444
2008198
1844808
1360464
1831475
1366114
1900540
425013
404092
1496851
1921601
1380929
471649
135242
230008
833436
1107655
1188570
1397310
315976
1927722
308322
106811
581388
205191
33147
1318636
542348
1210529
1938652
595029
1348883
1529985
2048629
416234
747010
416866
1869855
1144003
134347
1432679
2105853
1118415
1733463
223094
1780364
1816660
1340857
383614
1102024
1251842
2061026
931688
1422603
363215
1369976
1524408
654338
449873
2175577
668660
